AVG ELAPSED: 27877080815.3125ns
AVG ELAPSED: 27877080.8153125us
AVG ELAPSED: 27877.0808153125ms
DATA[31446108513, 27307617906, 23412769913, 26527034506, 29258971221, 29682297148, 31247486683, 27349200162, 28928694117, 31164765815, 31047984391, 23715461312, 24507526259, 29359186515, 24214563395, 24059428849, 28746525479, 30403653350, 31229973207, 29339869035, 26449957076, 23024943551, 24671333814, 23600021855, 29179648712, 29291570573, 32107659618, 23959649304, 29243189145, 31946286580, 30846138246, 30566920080, 27638666620, 30320227851, 29257841798, 24192938897, 29428157603, 26660807909, 24264413797, 25584662975, 27311844623, 28953290490, 29889682751, 25630524690, 28758426928, 22662222353, 27551476154, 30314849119, 30777463627, 24763031746, 29237670364, 25799146070, 26717759252, 30183470309, 31614626718, 25361229912, 28594015451, 30400267789, 23462489566, 27682762559, 24985387770, 22807876693, 22959158446, 29443425841, 24122712069, 25754324049, 22739935062, 22646480388, 31233953651, 27672702879, 23203911381, 26910128554, 28831903417, 31014547367, 30870978979, 27065410427, 28754910945, 30193308206, 31447189065, 27467848402, 28979264607, 28478736537, 31250849768, 31241591453, 24283490361, 30015637134, 31369980042, 30644475141, 26942582658, 28783552754, 30091985269, 27754441388, 29060126859, 29167083829, 23109072811, 28656822866, 22162103263, 29170787293, 25528163667, 26634785650, 29837944069, 29900245952, 27116413623, 28241853822, 26984155546, 30883293377, 26893046406, 28850674436, 31710965537, 30444193822, 27430637470, 23400423490, 26497860278, 27619818568, 30384460248, 23933502469, 29149943667, 30709359226, 27383942514, 28697062676, 26180967128, 30833500221, 27203499908, 29261096156, 30599534629, 28215753159, 28052360930, 27547803841]
31446108513
27307617906
23412769913
26527034506
29258971221
29682297148
31247486683
27349200162
28928694117
31164765815
31047984391
23715461312
24507526259
29359186515
24214563395
24059428849
28746525479
30403653350
31229973207
29339869035
26449957076
23024943551
24671333814
23600021855
29179648712
29291570573
32107659618
23959649304
29243189145
31946286580
30846138246
30566920080
27638666620
30320227851
29257841798
24192938897
29428157603
26660807909
24264413797
25584662975
27311844623
28953290490
29889682751
25630524690
28758426928
22662222353
27551476154
30314849119
30777463627
24763031746
29237670364
25799146070
26717759252
30183470309
31614626718
25361229912
28594015451
30400267789
23462489566
27682762559
24985387770
22807876693
22959158446
29443425841
24122712069
25754324049
22739935062
22646480388
31233953651
27672702879
23203911381
26910128554
28831903417
31014547367
30870978979
27065410427
28754910945
30193308206
31447189065
27467848402
28979264607
28478736537
31250849768
31241591453
24283490361
30015637134
31369980042
30644475141
26942582658
28783552754
30091985269
27754441388
29060126859
29167083829
23109072811
28656822866
22162103263
29170787293
25528163667
26634785650
29837944069
29900245952
27116413623
28241853822
26984155546
30883293377
26893046406
28850674436
31710965537
30444193822
27430637470
23400423490
26497860278
27619818568
30384460248
23933502469
29149943667
30709359226
27383942514
28697062676
26180967128
30833500221
27203499908
29261096156
30599534629
28215753159
28052360930
27547803841
